2989922432036
2989928042036
2989968881036
2989982088036
2990001756036
2990047142036
2990066171036
2990074828036
2990177247036
2990220231036
2990257393036
2990260522036
2990266051036
2990319445036
2990358289036
2990411717036
2990462847036
2990571088036
2990771549036
2990829058036
2990871412036
2990877687036
2990887274036
2990905264036
2991023820036
2991049025036
2991078440036
2991080665036
2991231681036
2991567009037
2991601433037
2991671371037
2991710249037
2991747439037
2991759975037
2991800058037
2991846225037
2991847689037
2991907106037
2991933719037
2991989428037
2992015939037
2992185714037
2992456136037
2992825899037
2993398131037
2993400325037
2993468893037
2993498229037
2993743120037
2993766320037
2993772703037
2993782718037
2993792963037
2993836420037
2993873155037
2993899748037
2993979485037
2994060821037
2994136454037
2994229524037
2994231315037
2994287327037
2994324297037
2994335529037
2994342794037
2994343183037
2994792538037
2994882032037
2994935633037
2995009890037
2995061755037
2995091953037
2995222174037
2995260606037
2995309545037
2995486780037
2995591265037
2995618825037
2995627576037
2995643993037
2995654635037
2995664449037
2995683396037
2995770762037
2995817344037
2995819964037
2995922399037
2995927111037
2995997793037
2996083714037
2996403343036
2996425124036
2996486908036
2996529215036
2996542122036
2996557142036
2996742632036
2997275925036
2998458973036
2998460324036
2998467750036
2998508516036
2998524525036
2998686649036
2998688791036
2998703417036
2998794445036
2998877347036
2998907343036
2998930435036
2998953103036
2998983323036
2999097282036
2999192590036
2999205359036
2999240296036
2999286368036
2999351869036
2999392896036
2999445446036
2999446912036
2999478028036
2999483489036
2999490601036
2999531352036
2999534128036
2999539536036
2999624450036
2999632959036
2999647459036
2999664619036
3000139376036
3000190498036
3000227124036
3000387205036
3000448185036
3000571173036
3000681178036
3000781043036
3000896642036
3000970923036
3000995698036
3001008640036
3001155658036
3001160073036
3001177896036
3001219062036
3001268084036
3001274603036
3001337300036
3001364799036
3001369096036
3001373565036
3001595456036
3001685767036
3001768434036
3001774884036
3001775127036
3001852296036
3001871900036
3001875643036
3001879570036
3001880927036
3001888189036
3001933104036
3001936894036
3002019729036
3002138259036
3002141629036
3002145759036
3002192282036
3002287837036
3002378719036
3002458090036
3002543416036
3002553253036
3002589081036
3002592038036
3002626551036
3002670757036
3002688617036
3002692850036
3002850035036
3002895074036
3005517944037
3005574084037
3005614306037
3005640777037
3005644079037
3005671582037
3005741092037
3005756993037
3005816206037
3005925836037
3005996466037
3005999422037
3006003306037
3006009554037
3006092345037
3006097823037
3006254773037
3006265958037
3006285598037
3006396948037
3006414038037
3006429912037
3006470636037
3006470801037
3006471963037
3006498904037
3006509040037
3006588860037
3006590394037
3006591925037
3006593207037
3006608010037
3006612014037
3006617634037
3006666045037
3006691968037
3006729415037
3006741030037
3006746078037
3006746231037
3006754181037
3006755466037
3006766583037
3006795930037
3006825259037
3007134372036
3007141081036
3007194202036
3007206470036
3007212007036
3007212682036
3007250723036
3007309367036
3007316342036
3007362114036
3007390883036
3007428961036
3007459058036
3007546461036
3007555070036
3007618594036
3007634310036
3007685943036
3007764736036
3007830855036
3007846842036
3007854848036
3007856820036
3007881102036
3007899217036
3008041827036
3008048317036
3008062063036
3008070838036
3008181229036
3008260368036
3008267092036
3008273014036
3008287053036
3008294015036
3008708665037
3008745111037
3008787813037
3008804340037
3008854461037
3008868054037
3008888530037
3008900737037
3008951216037
3008983624037
3009016646037
3009023578037
3009038642037
3009057895037
3009114207037
3009129140037
3009130988037
3009249349037
3009319523037
3009333696037
3009378971037
3009407228037
3009413647037
3009422154037
3009599856037
3009644361037
3009726797037
3009743001037
3009780324037
3009803249037
3009833216037
3009851470037
3010265909037
3010371371037
3010489734037
3010515994037
3010530874037
3010621078037
3010692627037
3010694353037
3010695192037
3010703742037
3010727129037
3010730580037
3010929074037
3011015584037
3011036435037
3011043355037
3011154119037
3011175386037
3011243748037
3011255012037
3011269759037
3011301804037
3011330280037
3011334936037
3011402984037
3011738286036
3011773015036
3011842405036
3011862307036
3011885364036
3011916139036
3011917402036
3011929943036
3011988204036
3011998882036
3012123219036
3012192316036
3012205643036
3012210227036
3012234755036
3012288800036
3012351812036
3012369226036
3012374335036
3012378762036
3012431855036
3012596583036
3012623821036
3012630266036
3012660731036
3012687186036
3012724203036
3012819928036
3013785496036
3013802583036
3013825176036
3013840098036
3013855918036
3013906992036
3013932541036
3013943734036
3013947880036
3013953030036
3014012000036
3014019216036
3014038052036
3014050941036
3014088542036
3014205367036
3014231136036
3014308918036
3014339879036
3014356601036
3014364442036
3014413617036
3014465084036
3014497441036
3014555825036
3014572826036
3014584194036
3014660315036
3014727956036
3014739455036
3014835984036
3014837583036
3014858430036
3014879457036
3014924888036
3014936658036
3014947644036
3014980156036
3015002974036
3015389793036
3015494816036
3015516453036
3015555389036
3015571296036
3015604918036
3015647309036
3015650014036
3015655503036
3015739353036
3015745721036
3015781307036
3015786535036
3016364774036
3016365676036
3016377003036
3016480356036
3016530771036
3016721494036
3016724211036
3017040264036
3017045773036
3017057592036
3017133078036
3017139982036
3017241960036
3017244833036
3017252944036
3017267048036
3017301690036
3017310947036
3017324277036
3017334835036
3017368838036
3017408580036
3017409798036
3017424378036
3017458654036
3017460431036
3017468423036
3017537216036
3017538714036
3017561618036
3017595229036
3017610396036
3017670968036
3017698956036
3017797390036
3017813756036
3017844047036
3017869430036
3017904646036
3017936583036
3017963858036
3017964959036
3017966010036
3017981116036
3017983285036
3018021382036
3018081299036
3018084547036
3018085405036
3018171101036
3018210340036
3018239058036
3018322182036
3018613008037
3018707993037
3018808048037
3018870250037
3018895966037
3019031541037
3019083978037
3019103642037
3019196846037
3019217537037
3019226737037
3019238524037
3019239167037
3019241233037
3019272414037
3019277989037
3019305331037
3019319070037
3019389197037
3019390598037
3019415379037
3019427623037
3019428506037
3019429056037
3019439163037
3019485053037
3019485255037
3019509506037
3019683477037
3019735439037
3020051636036
3020180462036
3020286289036
3020351970036
3020387246036
3020389945036
3020470933036
3020490001036
3020500121036
3020508162036
3020579950036
3020629891036
3020693983036
3020727083036
3020794647036
3020799662036
3020821079036
3020868019036
3020909708036
3020913111036
3020934318036
3020934463036
3020946993036
3020955204036
3020996901036
3021005778036
3021010261036
3021036599036
3021079301036
3021088325036
3021108150036
3021156646036
3022086758037
3022125746037
3022148749037
3022247919037
3022376337037
3022376618037
3022510598037
3022596731037
3022603178037
3022655774037
3022660173037
3022661003037
3022710417037
3022743997037
3022815039037
3022820948037
3022834703037
3022858262037
3022893141037
3023152357037
3023214564037
3023223508037
3023292249037
3023294644037
3023298237037
3023405161037
3023808949036
3023867514036
3023910043036
3023954460036
3023990858036
3024052097036
3024086165036
3024119642036
3024210061036
3024256797036
3024272079036
3024413414036
3024431393036
3024463894036
3024470389036
3024483930036
3024492169036
3024493708036
3024499464036
3024549526036
3024621265036
3024643734036
3024647857036
3024660258036
3024815846036
3024890935036
3024988628036
3025023518036
3025347580037
3025405832037
3025496203037
3025509240037
3025574238037
3025663914037
3025667144037
3025705959037
3025726675037
3025755692037
3025758377037
3025787970037
3025928876037
3025933634037
3025941296037
3026042365037
3026063741037
3026146772037
3026150089037
3026163838037
3026191674037
3026263877037
3026272154037
3026277927037
3026323746037
3026338688037
3026443463037
3026453880037
3026515162037
3026565163037
3026865754036
3026890085036
3027031846036
3027037546036
3027039766036
3027041452036
3027059387036
3027075220036
3027093736036
3027136242036
3027171965036
3027193777036
3027214798036
3027261702036
3027307397036
3027310031036
3027332811036
3027512786036
3027560851036
3027581830036
3027674863036
3027787842036
3027804302036
3027873532036
3027906097036
3027981699036
3028095276036
3028357313036
3028371895036
3028405505036
3028445866036
3028449502036
3028451860036
3028459163036
3028506769036
3028654584036
3028684692036
3028718738036
3028786252036
3028859690036
3029001904036
3029033762036
3029088195036
3029133261036
3029242290036
3029391647036
3030535054037
3030544839037
3030621263037
3030680532037
3030689953037
3030704852037
3030736758037
3030758962037
3030784893037
3030797306037
3030805690037
3030825400037
3030846409037
3030868944037
3030875367037
3031155548037
3031220470037
3031307286037
3031478821037
3031511675037
3031512435037
3031523239037
3031597034037
3031598729037
3031600651037
3031710644037
3031742128037
3032066431036
3032069691036
3032071050036
3032071511036
3032114899036
3032115907036
3032116130036
3032162811036
3032297991036
3032316551036
3032348830036
3032401328036
3032457749036
3032463561036
3032485849036
3032502732036
3032579998036
3032750171036
3032804797036
3032984225036
3032996851036
3033021300036
3033663395037
3033778854037
3033831194037
3033890800037
3033917706037
3034000144037
3034039057037
3034099868037
3034203471037
3034210491037
3034304936037
3034331706037
3034446790037
3034466158037
3034566868037
3034570729037
3034634452037
3034681145037
3034689205037
3034689546037
3034691411037
3035254143036
3035258885036
3035375139036
3035387958036
3035499168036
3035543470036
3035630523036
3035684010036
3035728738036
3035757169036
3035802867036
3035962431036
3035965616036
3036019403036
3036095963036
3036097503036
3036154169036
3036261799036
3036268982036
3036298503036
3036722803036
3036755894036
3036756859036
3036757284036
3036855599036
3036902300036
3036942208036
3036993843036
3037011010036
3037020781036
3037055768036
3037128074036
3037232040036
3037234970036
3037323267036
3037418687036
3037450736036
3037525767036
3037595375036
3037603474036
3037607671036
3037617490036
3037625816036
3037716395036
3037720984036
3037748528036
3038727873036
3038731828036
3038769620036
3038788622036
3038841463036
3038848435036
3038899408036
3038997469036
3039097771036
3039121016036
3039131672036
3039156354036
3039157593036
3039180455036
3039183444036
3039272129036
3039335114036
3039340954036
3039357051036
3039359188036
3039382101036
3039389637036
3039409416036
3039442421036
3039473918036
3039669552036
3039688175036
3039696474036
3039707507036
3039710727036
3039731431036
3039772957036
3039793002036
3039803818036
3039847711036
3039855987036
3039865906036
3039904454036
3039991533036
3039997457036
3040349316036
3040351339036
3040351998036
3040369565036
3040434474036
3040456198036
3040461019036
3040463773036
3040465470036
3040475961036
3040478677036
3040483559036
3040490835036
3040527632036
3040546293036
3040582919036
3040785937036
3040811206036
3040856878036
3040878607036
3040950206036
3040960667036
3040970038036
3040974405036
3041022105036
3041079535036
3041163012036
3041175135036
3041202685036
3041328732036
3041392646036
3041403006036
3041419869036
3041456347036
3041473443036
3041964861036
3042021307036
3042031700036
3042060735036
3042133155036
3042135676036
3042158630036
3042175876036
3042184378036
3042207383036
3042209296036
3042344681036
3042361660036
3042399585036
3042438130036
3042439002036
3042451304036
3042457792036
3042473088036
3042485577036
3042500837036
3042556616036
3042580047036
3042725103036
3042759403036
3042835914036
3042841769036
3042859576036
3042878615036
3042881785036
3042931231036
3042973635036
3043349082037
3043535468037
3043548545037
3043594924037
3043597624037
3043621757037
3043648193037
3043650141037
3043683613037
3043724106037
3043732552037
3043796682037
3043953989037
3043954611037
3043955710037
3043956972037
3043959581037
3044011995037
3044060290037
3044085821037
3044143738037
3044180226037
3044194214037
3044208973037
3044264840037
3044317029037
3044379753037
3044405566037
3044433625037
3044802552036
3044829344036
3044947332036
3044974570036
3044998651036
3045008513036
3045064276036
3045073506036
3045111676036
3045185137036
3045243246036
3045267118036
3045394849036
3045395615036
3045465891036
3045474673036
3045485241036
3045499571036
3045500525036
3045534001036
3045545587036
3045561461036
3045582676036
3045594242036
3045599504036
3045626025036
3045645419036
3045670504036
3045691317036
3045725058036
3045730996036
3045734190036
3045759193036
3045789284036
3045805954036
3045806481036
3045814225036
3045853555036
3045858211036
3045925170036
3045934816036
3046928800036
3047033924036
3047075714036
3047131813036
3047138695036
3047174953036
3047178179036
3047292444036
3047399578036
3047501741036
3047573747036
3047676609036
3047729646036
3047760478036
3047761745036
3047766676036
3047818855036
3047835777036
3047996074036
3047998643036
3048057658036
3048131881036
3048210942036
3048514712036
3048546201036
3048589904036
3048591044036
3048612686036
3048631841036
3048650448036
3048740582036
3048814383036
3048823177036
3048840033036
3048847862036
3048865368036
3048890198036
3048994002036
3049107486036
3049131743036
3049187546036
3049241918036
3049273927036
3049287879036
3049349900036
3049377960036
3049401766036
3049560647036
3049564506036
3049567920036
3049570650036
3049574008036
3049578697036
3049653012036
3050083117036
3050112053036
3050129143036
3050167499036
3050244475036
3050285672036
3050301238036
3050426647036
3050479048036
3050525276036
3050529828036
3050546062036
3050567891036
3050581808036
3050608950036
3050649097036
3050656618036
3050769449036
3050843743036
3050846660036
3050874675036
3050929524036
3051024027036
3051094093036
3051143779036
3051161158036
3051594222036
3051670398036
3051691785036
3051693981036
3051765724036
3051776875036
3051823551036
3051890850036
3051960666036
3051966712036
3052000597036
3052012705036
3052022905036
3052034975036
3052053361036
3052079171036
3052084385036
3052114687036
3052115548036
3052134132036
3052147051036
3052220872036
3052221238036
3052266086036
3052277354036
3052302840036
3052312865036
3052358693036
3052413967036
3052418174036
3052560933036
3052613295036
3052657439036
3053079630036
3053152743036
3053206533036
3053291698036
3053301686036
3053328770036
3053348869036
3053369602036
3053395946036
3053407535036
3053414714036
3053500007036
3053533909036
3053544358036
3053560096036
3053569096036
3053606280036
3053670469036
3053779980036
3053782999036
3053834386036
3053856149036
3053856822036
3053883910036
3053926767036
3053932846036
3053935893036
3053953410036
3054012518036
3054025850036
3054037845036
3054051580036
3054054066036
3054077320036
3055197211036
3055333952036
3055356471036
3055438015036
3055439083036
3055439279036
3055603460036
3055619963036
3055708993036
3055724186036
3055750152036
3055787929036
3055950246036
3055960055036
3055969598036
3055977695036
3055981997036
3056003207036
3056020616036
3056022919036
3056027217036
3056106860036
3056127855036
3056149970036
3056200215036
3056311677036
3056728176036
3056882866036
3056885814036
3056972084036
3056999285036
3057003596036
3057005244036
3057009929036
3057080202036
3057107767036
3057266313036
3057421193036
3057433426036
3057511103036
3057643778036
3057746101036
3057758108036
3057810888036
3057821733036
3057842058036
3057863347036
3057869488036
3058363140037
3058453480037
3058471027037
3058498402037
3058523802037
3058532668037
3058674670037
3058681765037
3058782671037
3058791665037
3058819524037
3058825834037
3058906050037
3058928457037
3059099773037
3059106292037
3059138407037
3059171104037
3059178489037
3059183556037
3059317456037
3059461266037
3059543032037
3059842342036
3059864547036
3059881460036
3059889436036
3059914599036
3059931781036
3059977914036
3059990328036
3059996470036
3060037547036
3060059010036
3060077201036
3060078612036
3060083626036
3060089209036
3060128823036
3060201271036
3060309145036
3060333020036
3060345489036
3060406810036
3060414714036
3060429736036
3060434299036
3060435960036
3060437518036
3060447677036
3060458868036
3060460637036
3060485390036
3060507287036
3060572237036
3060595681036
3060607560036
3060612982036
3060651421036
3060835215036
3060849132036
3060880115036
3060909723036
3060927288036
3060968623036
3061015980036
3061092772036
3061374753036
3061469161036
3061571957036
3061623783036
3061643302036
3061693822036
3061708133036
3061797369036
3061804275036
3061805247036
3061829594036
3061832422036
3061909450036
3061910633036
3061948340036
3061952233036
3061963156036
3062113883036
3062149944036
3062162886036
3062167615036
3062175734036
3062233650036
3062279578036
3062377832036
3063523285036
3063623906036
3063646704036
3063661279037
3063681893037
3063707032037
3063728449037
3063737179037
3063821106036
3063840175036
3063853592036
3063935837036
3063942912036
3064067358036
3064076230036
3064125573036
3064175646036
3064398307036
3064572164036
3064583079036
3064586601036
3064727304036
3064751352036
3064759765036
3065148550036
3065166880036
3065171167036
3065203708036
3065252838036
3065335129036
3065338102036
3065386594036
3065397516036
3065401517036
3065577122036
3065654035036
3065663788036
3065873092036
3065890842036
3065994734036
3066000178036
3066274516036
3066310096036
3066719589036
3066773689036
3066787218036
3089150704036
3089163624036
3089166125036
3089233160036
3089275946036
3089304409036
3089516399036
3089541002036
3089586259036
3089619547036
3089634364036
3089658315036
3089773608036
3089829314036
3089850158036
3089903647036
3089966768036
3089971485036
3089977303036
3089988472036
3090057633036
3090097816036
3090127165036
3090542551037
3090617775037
3090687418037
3090721988037
3090738193037
3090739967037
3090805123037
3090849300037
3090875655037
3090906458037
3090923039037
3090932562037
3090971484037
3091008009037
3091039968037
3091082047037
3091125151037
3091283104037
3091328291037
